Notes

###############################################
#Extrinsic matrix - 20 points - 9/28
np.array([[ 9.99433977e-01, -3.27920569e-02 , 7.51048691e-03 , 4.55458355e+00],
 [-3.36110727e-02 ,-9.82775125e-01 , 1.81723277e-01 , 1.66403219e+02],
 [ 1.42203967e-03 ,-1.81872853e-01 ,-9.83321028e-01 , 1.02661790e+03],
 [ 0.00000000e+00  ,0.00000000e+00  ,0.00000000e+00 , 1.00000000e+00]])


 ############################################
 #Extrinsic matrix - 35 points, New april tags placed in top-left (5), middle (7), top-right (6)
 np.array([[ 9.99241895e-01 -3.75374436e-02 -1.03235787e-02  4.40616675e+00]
 [-3.56437595e-02 -9.88761891e-01  1.45187624e-01  1.90591403e+02]
 [-1.56575335e-02 -1.44709586e-01 -9.89350280e-01  1.02800015e+03]
 [ 0.00000000e+00  0.00000000e+00  0.00000000e+00  1.00000000e+00]])

#world coordinates of the 4 april tags centers and corners, in the same order = 35 points
object_points = np.array([(-250, -25, 0), (-262, -37, 0),       (-236, -37, 0),       (-236, -12, 0),       (-262, -12, 0),   #center1, corner1-4
                    (250, -25, 0),    (237, -37, 0),        (262, -37, 0),        (262, -12, 0),        (237, -12, 0),      #center2, corner1-4
                    (250, 275, 0),    (234, 263, 0),        (258, 263, 0),        (258, 288, 0),        (234, 288, 0),      #center3, corner1-4
                    (-250, 275, 0),   (-260, 262, 0),       (-235, 262, 0),       (-235, 286, 0),       (-260, 286, 0),     #center4, corner1-4

                    (-425, 400, 245), (-437.5, 387.5, 245), (-412.5, 387.5, 245), (-412.5, 412.5, 245), (-437.5, 412.5, 245), #center5, corner1-4
                    (425, 400, 66),   (412.5, 387.5, 66),   (437.5, 387.5, 66),   (437.5, 412.5, 66),   (412.5, 412.5, 66),  #center6, corner1-4 
                    (0, 200, 154),    (-12.5, 187.5, 154),  (12.5, 187.5, 154),   (12.5, 212.5, 154),   (-12.5, 212.5, 154)  #center7, corner1-4
                    ], dtype = np.float32)

##############################################
np.array([[ 9.98758880e-01 -3.97894440e-02 -2.99583105e-02  8.60765685e+00],
 [-3.51841007e-02, -9.89374221e-01,  1.41069946e-01,  1.90664330e+02],
 [-3.52530749e-02, -1.39840805e-01, -9.89546245e-01,  1.03948201e+03],
 [ 0.00000000e+00,  0.00000000e+00,  0.00000000e+00,  1.00000000e+00]])

#world coordinates of the 4 april tags centers and corners, in the same order = 35 points
object_points = np.array([(-250, -25, 0), #(-262, -37, 0),       (-236, -37, 0),       (-236, -12, 0),       (-262, -12, 0),   #center1, corner1-4
                        (250, -25, 0),    #(237, -37, 0),        (262, -37, 0),        (262, -12, 0),        (237, -12, 0),      #center2, corner1-4
                        (250, 275, 0),    #(234, 263, 0),        (258, 263, 0),        (258, 288, 0),        (234, 288, 0),      #center3, corner1-4
                        (-250, 275, 0),   #(-260, 262, 0),       (-235, 262, 0),       (-235, 286, 0),       (-260, 286, 0),     #center4, corner1-4

                        (425, 150, 245), #(-437.5, 387.5, 245), (-412.5, 387.5, 245), (-412.5, 412.5, 245), (-437.5, 412.5, 245), #center5, corner1-4 -top-left, h=245
                        (0, 200, 154),   #(412.5, 387.5, 154),   (437.5, 387.5, 154),   (437.5, 412.5, 154),   (412.5, 412.5, 154),  #center6, corner1-4 - top-right, h=154

                        (-450, 150, 154),#(-437.5, -112.5, 154),(-412.5, -112.5, 154),(-412.5, -87.5, 154), (-437.5, -87.5, 154),  #center7, corner1-4 -bottom-left, h=154
                        (0, 450, 93)  #(412.5, -112.5, 93),  (437.5, -112.5, 93),  (437.5, -87.5, 93),   (412.5, -87.5, 93),  #center8, corner1-4 -middle, h=93
                        ], dtype = np.float32)


#######################################################  LATEST -Checkpoint 2 submission
#world coordinates of the 4 april tags centers and no corners, in the same order = 8 points
object_points = np.array([(-250, -25, 0), #(-262, -37, 0),       (-236, -37, 0),       (-236, -12, 0),       (-262, -12, 0),   #center1, corner1-4
                        (250, -25, 0),    #(237, -37, 0),        (262, -37, 0),        (262, -12, 0),        (237, -12, 0),      #center2, corner1-4
                        (250, 275, 0),    #(234, 263, 0),        (258, 263, 0),        (258, 288, 0),        (234, 288, 0),      #center3, corner1-4
                        (-250, 275, 0),   #(-260, 262, 0),       (-235, 262, 0),       (-235, 286, 0),       (-260, 286, 0),     #center4, corner1-4

                        (425, 0, 0), #(-437.5, 387.5, 245), (-412.5, 387.5, 245), (-412.5, 412.5, 245), (-437.5, 412.5, 245), #center5, corner1-4 -top-left, h=245
                        (0, 200, 154),   #(412.5, 387.5, 154),   (437.5, 387.5, 154),   (437.5, 412.5, 154),   (412.5, 412.5, 154),  #center6, corner1-4 - top-right, h=154

                        (-450, 150, 154),#(-437.5, -112.5, 154),(-412.5, -112.5, 154),(-412.5, -87.5, 154), (-437.5, -87.5, 154),  #center7, corner1-4 -bottom-left, h=154
                        (425, 400, 93)  #(412.5, -112.5, 93),  (437.5, -112.5, 93),  (437.5, -87.5, 93),   (412.5, -87.5, 93),  #center8, corner1-4 -middle, h=93
                        ], dtype = np.float32)

#Instance of Extrinsic
np.array([[ 9.99004967e-01, -3.75019609e-02, -2.41387543e-02,  8.27382753e+00],
          [-3.34899447e-02, -9.88225526e-01,  1.49294115e-01,  1.90900028e+02],
          [-2.94533552e-02, -1.48337157e-01, -9.88498148e-01,  1.04341640e+03],
          [ 0.00000000e+00,  0.00000000e+00,  0.00000000e+00,  1.00000000e+00]])